 64 # Number of base pairs
 0 # local base-pair & step parameters
#Sequence shear stretch stagger buckle propeller opening shift slide rise tilt roll twist
A-T 0.07 -0.19 0.07 1.8 -15.0 1.5 0.0 0.0 0.0 0.0 0.0 0.0
T-A -0.07 -0.19 0.07 -1.8 -15.0 1.5 0.0 -0.56 3.39 0.0 -1.39 31.21
A-T 0.07 -0.19 0.07 1.8 -15.0 1.5 0.0 0.03 3.34 0.0 5.25 36.2
C-G 0.16 -0.17 0.15 -4.9 -8.7 -0.6 0.21 -0.54 3.39 -0.64 0.91 31.52
A-T 0.07 -0.19 0.07 1.8 -15.0 1.5 -0.16 0.18 3.38 -0.05 5.95 35.02
A-T 0.07 -0.19 0.07 1.8 -15.0 1.5 -0.05 -0.21 3.27 -1.84 0.76 35.31
A-T 0.07 -0.19 0.07 1.8 -15.0 1.5 -0.05 -0.21 3.27 -1.84 0.76 35.31
G-C -0.16 -0.17 0.15 4.9 -8.7 -0.6 0.12 -0.27 3.38 -1.48 3.15 33.05
G-C -0.16 -0.17 0.15 4.9 -8.7 -0.6 -0.02 -0.47 3.28 -0.4 3.86 33.17
T-A -0.07 -0.19 0.07 -1.8 -15.0 1.5 -0.21 -0.54 3.39 0.64 0.91 31.52
G-C -0.16 -0.17 0.15 4.9 -8.7 -0.6 0.16 0.18 3.38 0.05 5.95 35.02
C-G 0.16 -0.17 0.15 -4.9 -8.7 -0.6 0.0 -0.07 3.38 0.0 0.67 34.38
G-C -0.16 -0.17 0.15 4.9 -8.7 -0.6 0.0 0.57 3.49 0.0 4.29 35.3
A-T 0.07 -0.19 0.07 1.8 -15.0 1.5 -0.27 -0.03 3.35 -1.52 3.87 34.8
G-C -0.16 -0.17 0.15 4.9 -8.7 -0.6 0.12 -0.27 3.38 -1.48 3.15 33.05
G-C -0.16 -0.17 0.15 4.9 -8.7 -0.6 -0.02 -0.47 3.28 -0.4 3.86 33.17
T-A -0.07 -0.19 0.07 -1.8 -15.0 1.5 -0.21 -0.54 3.39 0.64 0.91 31.52
T-A -0.07 -0.19 0.07 -1.8 -15.0 1.5 0.05 -0.21 3.27 1.84 0.76 35.31
T-A -0.07 -0.19 0.07 -1.8 -15.0 1.5 0.05 -0.21 3.27 1.84 0.76 35.31
C-G 0.16 -0.17 0.15 -4.9 -8.7 -0.6 0.27 -0.03 3.35 1.52 3.87 34.8
T-A -0.07 -0.19 0.07 -1.8 -15.0 1.5 -0.12 -0.27 3.38 1.48 3.15 33.05
A-T 0.07 -0.19 0.07 1.8 -15.0 1.5 0.0 0.03 3.34 0.0 5.25 36.2
T-A -0.07 -0.19 0.07 -1.8 -15.0 1.5 0.0 -0.56 3.39 0.0 -1.39 31.21
G-C -0.16 -0.17 0.15 4.9 -8.7 -0.6 0.16 0.18 3.38 0.05 5.95 35.02
C-G 0.16 -0.17 0.15 -4.9 -8.7 -0.6 0.0 -0.07 3.38 0.0 0.67 34.38
T-A -0.07 -0.19 0.07 -1.8 -15.0 1.5 -0.12 -0.27 3.38 1.48 3.15 33.05
C-G 0.16 -0.17 0.15 -4.9 -8.7 -0.6 0.27 -0.03 3.35 1.52 3.87 34.8
C-G 0.16 -0.17 0.15 -4.9 -8.7 -0.6 0.02 -0.47 3.28 0.4 3.86 33.17
C-G 0.16 -0.17 0.15 -4.9 -8.7 -0.6 0.02 -0.47 3.28 0.4 3.86 33.17
A-T 0.07 -0.19 0.07 1.8 -15.0 1.5 -0.16 0.18 3.38 -0.05 5.95 35.02
C-G 0.16 -0.17 0.15 -4.9 -8.7 -0.6 0.21 -0.54 3.39 -0.64 0.91 31.52
G-C -0.16 -0.17 0.15 4.9 -8.7 -0.6 0.0 0.57 3.49 0.0 4.29 35.3
C-G 0.16 -0.17 0.15 -4.9 -8.7 -0.6 0.0 -0.07 3.38 0.0 0.67 34.38
G-C -0.16 -0.17 0.15 4.9 -8.7 -0.6 0.0 0.57 3.49 0.0 4.29 35.3
T-A -0.07 -0.19 0.07 -1.8 -15.0 1.5 -0.21 -0.54 3.39 0.64 0.91 31.52
G-C -0.16 -0.17 0.15 4.9 -8.7 -0.6 0.16 0.18 3.38 0.05 5.95 35.02
G-C -0.16 -0.17 0.15 4.9 -8.7 -0.6 -0.02 -0.47 3.28 -0.4 3.86 33.17
G-C -0.16 -0.17 0.15 4.9 -8.7 -0.6 -0.02 -0.47 3.28 -0.4 3.86 33.17
A-T 0.07 -0.19 0.07 1.8 -15.0 1.5 -0.27 -0.03 3.35 -1.52 3.87 34.8
G-C -0.16 -0.17 0.15 4.9 -8.7 -0.6 0.12 -0.27 3.38 -1.48 3.15 33.05
C-G 0.16 -0.17 0.15 -4.9 -8.7 -0.6 0.0 -0.07 3.38 0.0 0.67 34.38
A-T 0.07 -0.19 0.07 1.8 -15.0 1.5 -0.16 0.18 3.38 -0.05 5.95 35.02
T-A -0.07 -0.19 0.07 -1.8 -15.0 1.5 0.0 -0.56 3.39 0.0 -1.39 31.21
A-T 0.07 -0.19 0.07 1.8 -15.0 1.5 0.0 0.03 3.34 0.0 5.25 36.2
G-C -0.16 -0.17 0.15 4.9 -8.7 -0.6 0.12 -0.27 3.38 -1.48 3.15 33.05
A-T 0.07 -0.19 0.07 1.8 -15.0 1.5 -0.27 -0.03 3.35 -1.52 3.87 34.8
A-T 0.07 -0.19 0.07 1.8 -15.0 1.5 -0.05 -0.21 3.27 -1.84 0.76 35.31
A-T 0.07 -0.19 0.07 1.8 -15.0 1.5 -0.05 -0.21 3.27 -1.84 0.76 35.31
C-G 0.16 -0.17 0.15 -4.9 -8.7 -0.6 0.21 -0.54 3.39 -0.64 0.91 31.52
C-G 0.16 -0.17 0.15 -4.9 -8.7 -0.6 0.02 -0.47 3.28 0.4 3.86 33.17
T-A -0.07 -0.19 0.07 -1.8 -15.0 1.5 -0.12 -0.27 3.38 1.48 3.15 33.05
C-G 0.16 -0.17 0.15 -4.9 -8.7 -0.6 0.27 -0.03 3.35 1.52 3.87 34.8
G-C -0.16 -0.17 0.15 4.9 -8.7 -0.6 0.0 0.57 3.49 0.0 4.29 35.3
C-G 0.16 -0.17 0.15 -4.9 -8.7 -0.6 0.0 -0.07 3.38 0.0 0.67 34.38
A-T 0.07 -0.19 0.07 1.8 -15.0 1.5 -0.16 0.18 3.38 -0.05 5.95 35.02
C-G 0.16 -0.17 0.15 -4.9 -8.7 -0.6 0.21 -0.54 3.39 -0.64 0.91 31.52
C-G 0.16 -0.17 0.15 -4.9 -8.7 -0.6 0.02 -0.47 3.28 0.4 3.86 33.17
T-A -0.07 -0.19 0.07 -1.8 -15.0 1.5 -0.12 -0.27 3.38 1.48 3.15 33.05
T-A -0.07 -0.19 0.07 -1.8 -15.0 1.5 0.05 -0.21 3.27 1.84 0.76 35.31
T-A -0.07 -0.19 0.07 -1.8 -15.0 1.5 0.05 -0.21 3.27 1.84 0.76 35.31
G-C -0.16 -0.17 0.15 4.9 -8.7 -0.6 0.16 0.18 3.38 0.05 5.95 35.02
T-A -0.07 -0.19 0.07 -1.8 -15.0 1.5 -0.21 -0.54 3.39 0.64 0.91 31.52
A-T 0.07 -0.19 0.07 1.8 -15.0 1.5 0.0 0.03 3.34 0.0 5.25 36.2
T-A -0.07 -0.19 0.07 -1.8 -15.0 1.5 0.0 -0.56 3.39 0.0 -1.39 31.21
