2	1	3	4	-209.245093	0.478011	1.673040	0.300000	1
1	3	4	5	-122.791921	0.478011	1.673040	0.300000	1
1	3	4	6	-359.490413	0.478011	1.673040	0.300000	2
3	4	6	7	-332.481121	0.478011	1.673040	0.300000	2
5	4	6	7	-216.955311	0.478011	1.673040	0.300000	1
4	6	7	8	-132.927260	0.478011	1.673040	0.300000	1
4	6	7	9	-3.950498	0.478011	1.673040	0.300000	2
6	7	9	10	-333.873489	0.478011	1.673040	0.300000	2
8	7	9	10	-207.857976	0.478011	1.673040	0.300000	1
7	9	10	11	-125.209167	0.478011	1.673040	0.300000	1
7	9	10	12	-356.305926	0.478011	1.673040	0.300000	2
9	10	12	13	-336.381098	0.478011	1.673040	0.300000	2
11	10	12	13	-211.607380	0.478011	1.673040	0.300000	1
10	12	13	14	-134.803535	0.478011	1.673040	0.300000	1
10	12	13	15	-359.599687	0.478011	1.673040	0.300000	2
12	13	15	16	-336.079196	0.478011	1.673040	0.300000	2
14	13	15	16	-203.362481	0.478011	1.673040	0.300000	1
13	15	16	17	-134.549466	0.478011	1.673040	0.300000	1
13	15	16	18	-0.140682	0.478011	1.673040	0.300000	2
15	16	18	19	-335.680464	0.478011	1.673040	0.300000	2
17	16	18	19	-203.366066	0.478011	1.673040	0.300000	1
16	18	19	20	-134.545590	0.478011	1.673040	0.300000	1
16	18	19	21	-8.613806	0.478011	1.673040	0.300000	2
18	19	21	22	-331.250616	0.478011	1.673040	0.300000	2
20	19	21	22	-207.116393	0.478011	1.673040	0.300000	1
19	21	22	23	-133.013989	0.478011	1.673040	0.300000	1
19	21	22	24	-0.156567	0.478011	1.673040	0.300000	2
21	22	24	25	-334.499477	0.478011	1.673040	0.300000	2
23	22	24	25	-200.521491	0.478011	1.673040	0.300000	1
22	24	25	26	-136.080970	0.478011	1.673040	0.300000	1
22	24	25	27	-359.682316	0.478011	1.673040	0.300000	2
24	25	27	28	-338.448179	0.478011	1.673040	0.300000	2
26	25	27	28	-201.476034	0.478011	1.673040	0.300000	1
25	27	28	29	-128.437538	0.478011	1.673040	0.300000	1
25	27	28	30	-9.033701	0.478011	1.673040	0.300000	2
27	28	30	31	-329.466645	0.478011	1.673040	0.300000	2
29	28	30	31	-219.286861	0.478011	1.673040	0.300000	1
28	30	31	32	-133.945124	0.478011	1.673040	0.300000	1
28	30	31	33	-348.367179	0.478011	1.673040	0.300000	2
30	31	33	34	-340.473839	0.478011	1.673040	0.300000	2
32	31	33	34	-197.074528	0.478011	1.673040	0.300000	1
31	33	34	35	-134.488254	0.478011	1.673040	0.300000	1
31	33	34	36	-7.941705	0.478011	1.673040	0.300000	2
33	34	36	37	-333.795383	0.478011	1.673040	0.300000	2
35	34	36	37	-214.379990	0.478011	1.673040	0.300000	1
34	36	37	38	-135.454304	0.478011	1.673040	0.300000	1
34	36	37	39	-352.063197	0.478011	1.673040	0.300000	2
36	37	39	40	-338.742001	0.478011	1.673040	0.300000	2
38	37	39	40	-196.643280	0.478011	1.673040	0.300000	1
37	39	40	41	-138.913608	0.478011	1.673040	0.300000	1
37	39	40	42	-13.566944	0.478011	1.673040	0.300000	2
39	40	42	43	-330.224312	0.478011	1.673040	0.300000	2
41	40	42	43	-207.104939	0.478011	1.673040	0.300000	1
40	42	43	44	-133.023327	0.478011	1.673040	0.300000	1
40	42	43	45	-0.167307	0.478011	1.673040	0.300000	2
42	43	45	46	-334.501674	0.478011	1.673040	0.300000	2
44	43	45	46	-200.526022	0.478011	1.673040	0.300000	1
43	45	46	47	-136.082283	0.478011	1.673040	0.300000	1
43	45	46	48	-359.681615	0.478011	1.673040	0.300000	2
45	46	48	49	-338.438668	0.478011	1.673040	0.300000	2
47	46	48	49	-201.468477	0.478011	1.673040	0.300000	1
46	48	49	50	-128.441752	0.478011	1.673040	0.300000	1
46	48	49	51	-5.245949	0.478011	1.673040	0.300000	2
48	49	51	52	-334.242571	0.478011	1.673040	0.300000	2
50	49	51	52	-218.769426	0.478011	1.673040	0.300000	1
49	51	52	53	-125.631902	0.478011	1.673040	0.300000	1
49	51	52	54	-1.596232	0.478011	1.673040	0.300000	2
51	52	54	55	-335.293040	0.478011	1.673040	0.300000	2
53	52	54	55	-218.774180	0.478011	1.673040	0.300000	1
52	54	55	56	-125.622470	0.478011	1.673040	0.300000	1
52	54	55	57	-3.000496	0.478011	1.673040	0.300000	2
54	55	57	58	-331.657080	0.478011	1.673040	0.300000	2
56	55	57	58	-219.033378	0.478011	1.673040	0.300000	1
55	57	58	59	-127.158467	0.478011	1.673040	0.300000	1
55	57	58	60	-0.041075	0.478011	1.673040	0.300000	2
57	58	60	61	-337.798012	0.478011	1.673040	0.300000	2
59	58	60	61	-213.824235	0.478011	1.673040	0.300000	1
58	60	61	62	-126.628525	0.478011	1.673040	0.300000	1
58	60	61	63	-3.436717	0.478011	1.673040	0.300000	2
60	61	63	64	-331.813890	0.478011	1.673040	0.300000	2
62	61	63	64	-216.958659	0.478011	1.673040	0.300000	1
61	63	64	65	-132.920500	0.478011	1.673040	0.300000	1
61	63	64	66	-3.334475	0.478011	1.673040	0.300000	2
63	64	66	67	-337.223351	0.478011	1.673040	0.300000	2
65	64	66	67	-209.247980	0.478011	1.673040	0.300000	1
64	66	67	68	-122.794626	0.478011	1.673040	0.300000	1
64	66	67	69	-2.823172	0.478011	1.673040	0.300000	2
66	67	69	70	-330.672396	0.478011	1.673040	0.300000	2
68	67	69	70	-219.283272	0.478011	1.673040	0.300000	1
67	69	70	71	-133.944770	0.478011	1.673040	0.300000	1
67	69	70	72	-348.372353	0.478011	1.673040	0.300000	2
69	70	72	73	-340.474281	0.478011	1.673040	0.300000	2
71	70	72	73	-197.078341	0.478011	1.673040	0.300000	1
70	72	73	74	-134.483046	0.478011	1.673040	0.300000	1
70	72	73	75	-9.397434	0.478011	1.673040	0.300000	2
72	73	75	76	-335.206801	0.478011	1.673040	0.300000	2
74	73	75	76	-213.816600	0.478011	1.673040	0.300000	1
73	75	76	77	-126.632501	0.478011	1.673040	0.300000	1
73	75	76	78	-4.153388	0.478011	1.673040	0.300000	2
75	76	78	79	-331.274375	0.478011	1.673040	0.300000	2
77	76	78	79	-219.039264	0.478011	1.673040	0.300000	1
76	78	79	80	-127.161035	0.478011	1.673040	0.300000	1
76	78	79	81	-359.145988	0.478011	1.673040	0.300000	2
78	79	81	82	-335.751264	0.478011	1.673040	0.300000	2
80	79	81	82	-211.370215	0.478011	1.673040	0.300000	1
79	81	82	83	-130.221956	0.478011	1.673040	0.300000	1
79	81	82	84	-3.184974	0.478011	1.673040	0.300000	2
81	82	84	85	-334.492997	0.478011	1.673040	0.300000	2
83	82	84	85	-211.363362	0.478011	1.673040	0.300000	1
82	84	85	86	-130.231217	0.478011	1.673040	0.300000	1
82	84	85	87	-1.689632	0.478011	1.673040	0.300000	2
84	85	87	88	-335.364556	0.478011	1.673040	0.300000	2
86	85	87	88	-211.602273	0.478011	1.673040	0.300000	1
85	87	88	89	-134.808025	0.478011	1.673040	0.300000	1
85	87	88	90	-6.264740	0.478011	1.673040	0.300000	2
87	88	90	91	-332.984576	0.478011	1.673040	0.300000	2
89	88	90	91	-207.854389	0.478011	1.673040	0.300000	1
88	90	91	92	-125.213425	0.478011	1.673040	0.300000	1
88	90	91	93	-357.549178	0.478011	1.673040	0.300000	2
90	91	93	94	-336.057089	0.478011	1.673040	0.300000	2
92	91	93	94	-214.382380	0.478011	1.673040	0.300000	1
91	93	94	95	-135.456585	0.478011	1.673040	0.300000	1
97	96	98	99	-214.382425	0.478011	1.673040	0.300000	1
96	98	99	100	-135.454496	0.478011	1.673040	0.300000	1
96	98	99	101	-357.703984	0.478011	1.673040	0.300000	2
98	99	101	102	-339.028098	0.478011	1.673040	0.300000	2
100	99	101	102	-201.469900	0.478011	1.673040	0.300000	1
99	101	102	103	-128.441901	0.478011	1.673040	0.300000	1
99	101	102	104	-9.029151	0.478011	1.673040	0.300000	2
101	102	104	105	-329.471367	0.478011	1.673040	0.300000	2
103	102	104	105	-219.279682	0.478011	1.673040	0.300000	1
102	104	105	106	-133.949228	0.478011	1.673040	0.300000	1
102	104	105	107	-0.320853	0.478011	1.673040	0.300000	2
104	105	107	108	-334.804219	0.478011	1.673040	0.300000	2
106	105	107	108	-200.530134	0.478011	1.673040	0.300000	1
105	107	108	109	-136.076055	0.478011	1.673040	0.300000	1
105	107	108	110	-4.319576	0.478011	1.673040	0.300000	2
107	108	110	111	-333.379963	0.478011	1.673040	0.300000	2
109	108	110	111	-200.525381	0.478011	1.673040	0.300000	1
108	110	111	112	-136.080529	0.478011	1.673040	0.300000	1
108	110	111	113	-354.235946	0.478011	1.673040	0.300000	2
110	111	113	114	-337.786990	0.478011	1.673040	0.300000	2
112	111	113	114	-196.644187	0.478011	1.673040	0.300000	1
111	113	114	115	-138.910147	0.478011	1.673040	0.300000	1
111	113	114	116	-13.579128	0.478011	1.673040	0.300000	2
113	114	116	117	-330.225800	0.478011	1.673040	0.300000	2
115	114	116	117	-207.124696	0.478011	1.673040	0.300000	1
114	116	117	118	-133.003541	0.478011	1.673040	0.300000	1
114	116	117	119	-348.424622	0.478011	1.673040	0.300000	2
116	117	119	120	-339.741852	0.478011	1.673040	0.300000	2
118	117	119	120	-197.088589	0.478011	1.673040	0.300000	1
117	119	120	121	-134.475017	0.478011	1.673040	0.300000	1
117	119	120	122	-6.955468	0.478011	1.673040	0.300000	2
119	120	122	123	-334.005883	0.478011	1.673040	0.300000	2
121	120	122	123	-211.609814	0.478011	1.673040	0.300000	1
120	122	123	124	-134.805937	0.478011	1.673040	0.300000	1
120	122	123	125	-5.729696	0.478011	1.673040	0.300000	2
122	123	125	126	-336.317097	0.478011	1.673040	0.300000	2
124	123	125	126	-209.252465	0.478011	1.673040	0.300000	1
123	125	126	127	-122.785358	0.478011	1.673040	0.300000	1
123	125	126	128	-359.496162	0.478011	1.673040	0.300000	2
125	126	128	129	-332.481289	0.478011	1.673040	0.300000	2
127	126	128	129	-216.964311	0.478011	1.673040	0.300000	1
126	128	129	130	-132.916768	0.478011	1.673040	0.300000	1
126	128	129	131	-5.930047	0.478011	1.673040	0.300000	2
128	129	131	132	-332.170905	0.478011	1.673040	0.300000	2
130	129	131	132	-207.111406	0.478011	1.673040	0.300000	1
129	131	132	133	-133.015480	0.478011	1.673040	0.300000	1
129	131	132	134	-349.949599	0.478011	1.673040	0.300000	2
131	132	134	135	-339.081468	0.478011	1.673040	0.300000	2
133	132	134	135	-196.637694	0.478011	1.673040	0.300000	1
132	134	135	136	-138.913175	0.478011	1.673040	0.300000	1
132	134	135	137	-5.342829	0.478011	1.673040	0.300000	2
134	135	137	138	-334.466611	0.478011	1.673040	0.300000	2
136	135	137	138	-203.319137	0.478011	1.673040	0.300000	1
135	137	138	139	-134.609769	0.478011	1.673040	0.300000	1
135	137	138	140	-0.295822	0.478011	1.673040	0.300000	2
137	138	140	141	-335.567983	0.478011	1.673040	0.300000	2
139	138	140	141	-203.331968	0.478011	1.673040	0.300000	1
138	140	141	142	-134.604477	0.478011	1.673040	0.300000	1
138	140	141	143	-6.691316	0.478011	1.673040	0.300000	2
140	141	143	144	-332.890180	0.478011	1.673040	0.300000	2
142	141	143	144	-207.859616	0.478011	1.673040	0.300000	1
141	143	144	145	-125.205486	0.478011	1.673040	0.300000	1
141	143	144	146	-357.743033	0.478011	1.673040	0.300000	2
143	144	146	147	-335.572528	0.478011	1.673040	0.300000	2
145	144	146	147	-211.362570	0.478011	1.673040	0.300000	1
144	146	147	148	-130.236066	0.478011	1.673040	0.300000	1
144	146	147	149	-4.100331	0.478011	1.673040	0.300000	2
146	147	149	150	-336.547814	0.478011	1.673040	0.300000	2
148	147	149	150	-213.818704	0.478011	1.673040	0.300000	1
147	149	150	151	-126.631580	0.478011	1.673040	0.300000	1
147	149	150	152	-4.148203	0.478011	1.673040	0.300000	2
149	150	152	153	-331.269347	0.478011	1.673040	0.300000	2
151	150	152	153	-219.025829	0.478011	1.673040	0.300000	1
150	152	153	154	-127.166347	0.478011	1.673040	0.300000	1
150	152	153	155	-358.955968	0.478011	1.673040	0.300000	2
152	153	155	156	-336.237884	0.478011	1.673040	0.300000	2
154	153	155	156	-214.382839	0.478011	1.673040	0.300000	1
153	155	156	157	-135.447982	0.478011	1.673040	0.300000	1
153	155	156	158	-350.469200	0.478011	1.673040	0.300000	2
155	156	158	159	-339.505372	0.478011	1.673040	0.300000	2
157	156	158	159	-197.089588	0.478011	1.673040	0.300000	1
156	158	159	160	-134.475587	0.478011	1.673040	0.300000	1
156	158	159	161	-6.954560	0.478011	1.673040	0.300000	2
158	159	161	162	-334.001444	0.478011	1.673040	0.300000	2
160	159	161	162	-211.597351	0.478011	1.673040	0.300000	1
159	161	162	163	-134.812384	0.478011	1.673040	0.300000	1
159	161	162	164	-6.264891	0.478011	1.673040	0.300000	2
161	162	164	165	-332.989963	0.478011	1.673040	0.300000	2
163	162	164	165	-207.856419	0.478011	1.673040	0.300000	1
162	164	165	166	-125.216869	0.478011	1.673040	0.300000	1
162	164	165	167	-357.744919	0.478011	1.673040	0.300000	2
164	165	167	168	-335.575016	0.478011	1.673040	0.300000	2
166	165	167	168	-211.361833	0.478011	1.673040	0.300000	1
165	167	168	169	-130.230155	0.478011	1.673040	0.300000	1
165	167	168	170	-4.100840	0.478011	1.673040	0.300000	2
167	168	170	171	-336.556652	0.478011	1.673040	0.300000	2
169	168	170	171	-213.825318	0.478011	1.673040	0.300000	1
168	170	171	172	-126.628445	0.478011	1.673040	0.300000	1
168	170	171	173	-2.716458	0.478011	1.673040	0.300000	2
170	171	173	174	-334.986562	0.478011	1.673040	0.300000	2
172	171	173	174	-218.818545	0.478011	1.673040	0.300000	1
171	173	174	175	-125.560200	0.478011	1.673040	0.300000	1
171	173	174	176	-1.457414	0.478011	1.673040	0.300000	2
173	174	176	177	-335.391694	0.478011	1.673040	0.300000	2
175	174	176	177	-218.825946	0.478011	1.673040	0.300000	1
174	176	177	178	-125.560243	0.478011	1.673040	0.300000	1
174	176	177	179	-5.524863	0.478011	1.673040	0.300000	2
176	177	179	180	-330.303893	0.478011	1.673040	0.300000	2
178	177	179	180	-219.288514	0.478011	1.673040	0.300000	1
177	179	180	181	-133.945199	0.478011	1.673040	0.300000	1
177	179	180	182	-355.465703	0.478011	1.673040	0.300000	2
179	180	182	183	-340.159939	0.478011	1.673040	0.300000	2
181	180	182	183	-201.475614	0.478011	1.673040	0.300000	1
180	182	183	184	-128.433505	0.478011	1.673040	0.300000	1
180	182	183	185	-5.837090	0.478011	1.673040	0.300000	2
182	183	185	186	-331.213260	0.478011	1.673040	0.300000	2
184	183	185	186	-216.960900	0.478011	1.673040	0.300000	1
183	185	186	187	-132.914980	0.478011	1.673040	0.300000	1
183	185	186	188	-3.328239	0.478011	1.673040	0.300000	2
185	186	188	189	-337.226734	0.478011	1.673040	0.300000	2
187	186	188	189	-209.251655	0.478011	1.673040	0.300000	1
186	188	189	190	-122.790273	0.478011	1.673040	0.300000	1
