2	1	3	111.935829	88.432122
1	3	4	95.226473	88.432122
3	4	5	99.441998	88.432122
3	4	6	117.232799	71.701721
5	4	6	113.985274	28.680688
4	6	7	94.887352	28.680688
6	7	8	108.416703	28.680688
6	7	9	114.671047	71.701721
8	7	9	114.232771	105.640535
7	9	10	94.453068	105.640535
9	10	11	105.066278	105.640535
9	10	12	119.059823	71.701721
11	10	12	113.817366	49.235182
10	12	13	95.107904	49.235182
12	13	14	107.536750	49.235182
12	13	15	122.870929	71.701721
14	13	15	113.876424	109.942639
13	15	16	94.780685	109.942639
15	16	17	108.827756	109.942639
15	16	18	120.687162	71.701721
17	16	18	113.883573	109.942639
16	18	19	94.775814	109.942639
18	19	20	108.829884	109.942639
18	19	21	113.815119	71.701721
20	19	21	112.197335	85.564054
19	21	22	95.302895	85.564054
21	22	23	112.802266	85.564054
21	22	24	120.484852	71.701721
23	22	24	110.104459	66.443595
22	24	25	97.920221	66.443595
24	25	26	112.661930	66.443595
24	25	27	122.145585	71.701721
26	25	27	111.149334	105.640535
25	27	28	97.633667	105.640535
27	28	29	98.572734	105.640535
27	28	30	111.497924	71.701721
29	28	30	113.395460	49.235182
28	30	31	94.000456	49.235182
30	31	32	111.728602	49.235182
30	31	33	120.397447	71.701721
32	31	33	118.269802	80.305927
31	33	34	92.664484	80.305927
33	34	35	103.137392	80.305927
33	34	36	113.687375	71.701721
35	34	36	116.086276	66.443595
34	36	37	92.243624	66.443595
36	37	38	110.591334	66.443595
36	37	39	124.719634	71.701721
38	37	39	114.666223	91.539197
37	39	40	94.973121	91.539197
39	40	41	108.069199	91.539197
39	40	42	113.821478	71.701721
41	40	42	112.201443	85.564054
40	42	43	95.313067	85.564054
42	43	44	112.798207	85.564054
42	43	45	120.490897	71.701721
44	43	45	110.102396	66.443595
43	45	46	97.929748	66.443595
45	46	47	112.651791	66.443595
45	46	48	122.158080	71.701721
47	46	48	111.149269	105.640535
46	48	49	97.637795	105.640535
48	49	50	98.581192	105.640535
48	49	51	119.175323	71.701721
50	49	51	113.575192	109.942639
49	51	52	95.153377	109.942639
51	52	53	98.269507	109.942639
51	52	54	121.093064	71.701721
53	52	54	113.580304	109.942639
52	54	55	95.148840	109.942639
54	55	56	98.270065	109.942639
54	55	57	113.861080	71.701721
56	55	57	115.448788	91.539197
55	57	58	93.065833	91.539197
57	58	59	103.854479	91.539197
57	58	60	123.281077	71.701721
59	58	60	111.001939	85.564054
58	60	61	97.479770	85.564054
60	61	62	97.809183	85.564054
60	61	63	119.320197	71.701721
62	61	63	113.975840	28.680688
61	63	64	94.893094	28.680688
63	64	65	108.411042	28.680688
63	64	66	119.218616	71.701721
65	64	66	111.932769	88.432122
64	66	67	95.234281	88.432122
66	67	68	99.438728	88.432122
66	67	69	111.717575	71.701721
68	67	69	113.399682	49.235182
67	69	70	93.996933	49.235182
69	70	71	111.733291	49.235182
69	70	72	120.392879	71.701721
71	70	72	118.266720	80.305927
70	72	73	92.667486	80.305927
72	73	74	103.130505	80.305927
72	73	75	121.510975	71.701721
74	73	75	111.007787	85.564054
73	75	76	97.477709	85.564054
75	76	77	97.810018	85.564054
75	76	78	114.151381	71.701721
77	76	78	115.457667	91.539197
76	78	79	93.065395	91.539197
78	79	80	103.848777	91.539197
78	79	81	122.536246	71.701721
80	79	81	112.047799	66.443595
79	81	82	98.910722	66.443595
81	82	83	103.507687	66.443595
81	82	84	121.710267	71.701721
83	82	84	112.053088	66.443595
82	84	85	98.907966	66.443595
84	85	86	103.508576	66.443595
84	85	87	120.448810	71.701721
86	85	87	113.822944	49.235182
85	87	88	95.107925	49.235182
87	88	89	107.535781	49.235182
87	88	90	115.079191	71.701721
89	88	90	114.231337	105.640535
88	90	91	94.456313	105.640535
90	91	92	105.064782	105.640535
90	91	93	113.239668	71.701721
92	91	93	116.078645	66.443595
91	93	94	92.246468	66.443595
93	94	95	110.596362	66.443595
97	96	98	116.082015	66.443595
96	98	99	92.247498	66.443595
98	99	100	110.591051	66.443595
98	99	101	125.431415	71.701721
100	99	101	111.144563	105.640535
99	101	102	97.645304	105.640535
101	102	103	98.576188	105.640535
101	102	104	111.507951	71.701721
103	102	104	113.398163	49.235182
102	104	105	93.997844	49.235182
104	105	106	111.733088	49.235182
104	105	107	122.313924	71.701721
106	105	107	110.104641	66.443595
105	107	108	97.924975	66.443595
107	108	109	112.657111	66.443595
107	108	110	119.631759	71.701721
109	108	110	110.104815	66.443595
108	110	111	97.925571	66.443595
110	111	112	112.655127	66.443595
110	111	113	121.509146	71.701721
112	111	113	114.667998	91.539197
111	113	114	94.974773	91.539197
113	114	115	108.059093	91.539197
113	114	116	113.821587	71.701721
115	114	116	112.195378	85.564054
114	116	117	95.310200	85.564054
116	117	118	112.792001	85.564054
116	117	119	118.656183	71.701721
118	117	119	118.261019	80.305927
117	119	120	92.665687	80.305927
119	120	121	103.131514	80.305927
119	120	122	119.544815	71.701721
121	120	122	113.825863	49.235182
120	122	123	95.107678	49.235182
122	123	124	107.533612	49.235182
122	123	125	119.643032	71.701721
124	123	125	111.925346	88.432122
123	125	126	95.230629	88.432122
125	126	127	99.442638	88.432122
125	126	128	117.228635	71.701721
127	126	128	113.976817	28.680688
126	128	129	94.884163	28.680688
128	129	130	108.412171	28.680688
128	129	131	115.654223	71.701721
130	129	131	112.198529	85.564054
129	131	132	95.310891	85.564054
131	132	133	112.801391	85.564054
131	132	134	122.179838	71.701721
133	132	134	114.662466	91.539197
132	134	135	94.972894	91.539197
134	135	136	108.066838	91.539197
134	135	137	120.797384	71.701721
136	135	137	113.833055	109.942639
135	137	138	94.831255	109.942639
137	138	139	108.823648	109.942639
137	138	140	120.678895	71.701721
139	138	140	113.831826	109.942639
138	140	141	94.829907	109.942639
140	141	142	108.824253	109.942639
140	141	143	112.888810	71.701721
142	141	143	114.224106	105.640535
141	143	144	94.459911	105.640535
143	144	145	105.065658	105.640535
143	144	146	120.352066	71.701721
145	144	146	112.054575	66.443595
144	146	147	98.911688	66.443595
146	147	148	103.503678	66.443595
146	147	149	122.450343	71.701721
148	147	149	111.012572	85.564054
147	149	150	97.473975	85.564054
149	150	151	97.813099	85.564054
149	150	152	114.158305	71.701721
151	150	152	115.457036	91.539197
150	152	153	93.069942	91.539197
152	153	154	103.851975	91.539197
152	153	155	115.420306	71.701721
154	153	155	116.081388	66.443595
153	155	156	92.240223	66.443595
155	156	157	110.593446	66.443595
155	156	158	121.199024	71.701721
157	156	158	118.263939	80.305927
156	158	159	92.666873	80.305927
158	159	160	103.137268	80.305927
158	159	161	119.550841	71.701721
160	159	161	113.819941	49.235182
159	161	162	95.108634	49.235182
161	162	163	107.535830	49.235182
161	162	164	115.080668	71.701721
163	162	164	114.233574	105.640535
162	164	165	94.457004	105.640535
164	165	166	105.062005	105.640535
164	165	167	120.350489	71.701721
166	165	167	112.064699	66.443595
165	167	168	98.897895	66.443595
167	168	169	103.515297	66.443595
167	168	170	122.443239	71.701721
169	168	170	111.003916	85.564054
168	170	171	97.474354	85.564054
170	171	172	97.804976	85.564054
170	171	173	121.414936	71.701721
172	171	173	113.637027	109.942639
171	173	174	95.090413	109.942639
173	174	175	98.273085	109.942639
173	174	176	121.087908	71.701721
175	174	176	113.631759	109.942639
174	176	177	95.098167	109.942639
176	177	178	98.271017	109.942639
176	177	179	113.455080	71.701721
178	177	179	113.399620	49.235182
177	179	180	93.997294	49.235182
179	180	181	111.729325	49.235182
179	180	182	124.736124	71.701721
181	180	182	111.137884	105.640535
180	182	183	97.640777	105.640535
182	183	184	98.577429	105.640535
182	183	185	117.081935	71.701721
184	183	185	113.977981	28.680688
183	185	186	94.887950	28.680688
185	186	187	108.411777	28.680688
185	186	188	119.214295	71.701721
187	186	188	111.935414	88.432122
186	188	189	95.225553	88.432122
188	189	190	99.439629	88.432122
