   40 base-pairs
...     1 A-T ...
    0.0000    0.0000    0.0000
    1.0000    0.0000    0.0000
    0.0000    1.0000    0.0000
    0.0000    0.0000    1.0000
...     2 A-T ...
    0.0208   -0.1586    3.2732
    0.8160    0.5776   -0.0224
   -0.5780    0.8156   -0.0266
    0.0029    0.0346    0.9994
...     3 T-A ...
    0.4394   -0.4261    6.6731
    0.3983    0.9172   -0.0095
   -0.9172    0.3981   -0.0177
   -0.0124    0.0158    0.9998
...     4 A-T ...
    0.3825   -0.2183   10.0062
   -0.2196    0.9699   -0.1050
   -0.9756   -0.2187    0.0198
   -0.0038    0.1068    0.9943
...     5 C-G ...
    0.7150    0.5980   13.3305
   -0.6970    0.7104   -0.0974
   -0.7168   -0.6943    0.0654
   -0.0212    0.1154    0.9931
...     6 C-G ...
    0.7668    1.4569   16.5304
   -0.9725    0.2064   -0.1077
   -0.2199   -0.9663    0.1337
   -0.0764    0.1537    0.9852
...     7 A-T ...
    0.5076    1.7968   19.8919
   -0.9099   -0.4002   -0.1088
    0.3741   -0.9053    0.2011
   -0.1790    0.1422    0.9735
...     8 C-G ...
   -0.5991    2.5271   23.0652
   -0.5768   -0.8169   -0.0055
    0.7958   -0.5634    0.2220
   -0.1844    0.1237    0.9750
...     9 T-A ...
   -1.5041    3.0670   26.2903
   -0.0401   -0.9966    0.0723
    0.9733   -0.0226    0.2284
   -0.2260    0.0796    0.9709
...    10 G-C ...
   -2.0118    3.0637   29.6406
    0.5467   -0.8320    0.0939
    0.8133    0.5543    0.1768
   -0.1992   -0.0203    0.9798
...    11 G-C ...
   -2.8826    2.5867   32.8019
    0.9140   -0.3906    0.1098
    0.3795    0.9188    0.1090
   -0.1435   -0.0580    0.9880
...    12 C-G ...
   -3.3546    2.3193   36.1388
    0.9702    0.1971    0.1412
   -0.2034    0.9786    0.0314
   -0.1320   -0.0591    0.9895
...    13 G-C ...
   -3.9802    2.6738   39.6012
    0.6814    0.7293    0.0624
   -0.7289    0.6838   -0.0334
   -0.0670   -0.0227    0.9975
...    14 G-C ...
   -3.7504    2.4751   42.9008
    0.1752    0.9840   -0.0325
   -0.9836    0.1735   -0.0496
   -0.0432    0.0406    0.9982
...    15 T-A ...
   -3.3229    2.4869   46.3132
   -0.3644    0.9289   -0.0658
   -0.9306   -0.3658   -0.0103
   -0.0336    0.0575    0.9978
...    16 G-C ...
   -3.7853    2.8285   49.6527
   -0.8260    0.5412   -0.1578
   -0.5552   -0.8295    0.0612
   -0.0978    0.1382    0.9856
...    17 A-T ...
   -3.9682    3.2367   52.9838
   -0.9854   -0.0388   -0.1657
    0.0162   -0.9907    0.1353
   -0.1694    0.1307    0.9768
...    18 T-A ...
   -4.6608    4.2206   56.2021
   -0.8381   -0.5434   -0.0488
    0.5255   -0.8281    0.1952
   -0.1465    0.1380    0.9795
...    19 A-T ...
   -5.2236    4.5442   59.4786
   -0.3507   -0.9365   -0.0093
    0.9141   -0.3444    0.2142
   -0.2038    0.0666    0.9767
...    20 T-A ...
   -6.4565    4.8556   62.6706
    0.1690   -0.9775    0.1259
    0.9648    0.1902    0.1817
   -0.2015    0.0907    0.9753
...    21 T-A ...
   -7.3099    4.9639   65.8327
    0.6962   -0.6880    0.2049
    0.6823    0.7229    0.1092
   -0.2232    0.0638    0.9727
...    22 A-T ...
   -7.9082    5.1380   69.1143
    0.9807   -0.1321    0.1443
    0.1342    0.9909   -0.0049
   -0.1424    0.0242    0.9895
...    23 T-A ...
   -8.3558    4.6599   72.4872
    0.9047    0.4010    0.1440
   -0.3924    0.9158   -0.0854
   -0.1661    0.0208    0.9859
...    24 A-T ...
   -8.8167    4.8536   75.7897
    0.5098    0.8600   -0.0205
   -0.8547    0.5036   -0.1258
   -0.0979    0.0816    0.9918
...    25 T-A ...
   -8.6215    4.9486   79.2188
   -0.0092    0.9982   -0.0595
   -0.9945   -0.0154   -0.1035
   -0.1042    0.0582    0.9929
...    26 C-G ...
   -9.0162    5.5293   82.5056
   -0.5694    0.8056   -0.1639
   -0.8160   -0.5780   -0.0059
   -0.0995    0.1304    0.9865
...    27 A-T ...
   -9.4754    5.8357   85.8489
   -0.9206    0.3121   -0.2346
   -0.3458   -0.9307    0.1189
   -0.1812    0.1906    0.9648
...    28 C-G ...
  -10.2790    7.0041   88.9821
   -0.9621   -0.2240   -0.1555
    0.1878   -0.9578    0.2178
   -0.1977    0.1803    0.9635
...    29 C-G ...
  -11.2587    7.9423   92.0053
   -0.6883   -0.7219   -0.0710
    0.6776   -0.6748    0.2922
   -0.2589    0.1530    0.9537
...    30 G-C ...
  -11.7334    8.1177   95.5051
   -0.1505   -0.9877    0.0429
    0.9445   -0.1309    0.3012
   -0.2918    0.0858    0.9526
...    31 C-G ...
  -12.7834    8.3767   98.7082
    0.4124   -0.8899    0.1948
    0.8635    0.4500    0.2276
   -0.2902    0.0743    0.9541
...    32 C-G ...
  -13.9922    8.1958  101.7881
    0.8346   -0.5017    0.2275
    0.4902    0.8648    0.1089
   -0.2513    0.0206    0.9677
...    33 A-T ...
  -14.7886    8.4392  105.0727
    0.9848    0.0844    0.1516
   -0.0836    0.9964   -0.0116
   -0.1520   -0.0013    0.9884
...    34 G-C ...
  -15.0246    8.3017  108.4546
    0.7877    0.6129    0.0612
   -0.6060    0.7890   -0.1014
   -0.1104    0.0428    0.9930
...    35 T-A ...
  -15.0620    7.9681  111.8773
    0.3559    0.9344   -0.0130
   -0.9300    0.3528   -0.1035
   -0.0921    0.0489    0.9945
...    36 G-C ...
  -15.5295    8.4771  115.1947
   -0.2334    0.9578   -0.1679
   -0.9687   -0.2441   -0.0455
   -0.0845    0.1520    0.9848
...    37 G-C ...
  -15.4570    9.2851  118.4074
   -0.7184    0.6563   -0.2305
   -0.6844   -0.7261    0.0660
   -0.1240    0.2052    0.9708
...    38 T-A ...
  -15.4576   10.3911  121.6638
   -0.9687    0.1772   -0.1738
   -0.2098   -0.9588    0.1914
   -0.1328    0.2219    0.9660
...    39 A-T ...
  -16.0483   11.0826  124.8778
   -0.8901   -0.4421   -0.1108
    0.3978   -0.8723    0.2844
   -0.2224    0.2091    0.9523
...    40 T-A ...
  -17.1201   12.2224  127.9368
   -0.5602   -0.8250    0.0748
    0.8028   -0.5184    0.2945
   -0.2042    0.2251    0.9527
